-0.04
-0.08
-0.12
-0.16
-0.2
-0.24000000000000002
0.76
0.72
0.6799999999999999
1.68
1.64
1.5999999999999999
0.5999999999999999
0.5599999999999998
0.5199999999999998
0.4799999999999998
0.43999999999999984
0.39999999999999986
1.4
1.3599999999999999
1.3199999999999998
1.2799999999999998
1.2399999999999998
1.1999999999999997
2.1999999999999997
2.1599999999999997
2.1199999999999997
2.0799999999999996
2.0399999999999996
1.9999999999999996
1.9599999999999995
1.9199999999999995
2.9199999999999995
2.8799999999999994
2.8399999999999994
2.7999999999999994
2.7599999999999993
3.7599999999999993
3.7199999999999993
3.6799999999999993
3.6399999999999992
3.599999999999999
4.6
4.56
4.52
4.4799999999999995
4.4399999999999995
4.3999999999999995
4.359999999999999
4.319999999999999
5.319999999999999
5.279999999999999
5.239999999999999
5.199999999999999
5.159999999999999
6.159999999999999
6.119999999999999
6.079999999999999
6.039999999999999
5.999999999999999
5.959999999999999
6.959999999999999
6.919999999999999
6.879999999999999
6.839999999999999
6.799999999999999
6.759999999999999
6.719999999999999
7.719999999999999
7.679999999999999
7.639999999999999
8.639999999999999
8.6
8.56
8.520000000000001
8.480000000000002
8.440000000000003
7.440000000000003
7.400000000000003
6.400000000000003
6.360000000000003
6.320000000000003
6.280000000000003
7.280000000000003
7.240000000000003
7.200000000000003
7.160000000000003
7.120000000000003
7.080000000000003
8.080000000000002
8.040000000000003
8.000000000000004
7.9600000000000035
7.9200000000000035
7.8800000000000034
8.880000000000003
8.840000000000003
8.800000000000004
9.800000000000004
9.760000000000005
